type cartesianField;
materials (fuel cool);
origin (0 0 0);
shape (1 1 68);
pitch (1.518 1.518 1);
default -1;
fuel (
1 1 1 1 1 1 1 1 1 1 
1 1 1 1 1 1 1 1 1 1 
1 1 1 1 1 1 1 1 1 1 
1 1 1 1 0.82648686 0.82574164 0.82543043 0.82536561 0.82549133 0.82593526 
0.82660868 0.82747751 0.82855334 0.82993943 0.83156209 0.83329573 0.83524527 0.83735709 0.83967151 0.84211826 
0.84466449 0.84722232 0.84979595 0.85255642 0.85535559 0.85824096 0.86128981 0.86441161 0.86757585 0.87080968 
0.87411841 0.87746496 0.88086317 0.88434819 0.88791585 0.89160977 0.89544281 0.92180397 
);
cool (
0.85194309 0.85194309 0.85194309 0.85194309 0.85194309 0.85194309 0.85194309 0.85194309 0.85194309 0.85194309 
0.85194309 0.85194309 0.85194309 0.85194309 0.85194309 0.85194309 0.85194309 0.85194309 0.85194309 0.85194309 
0.85194309 0.85194309 0.85194309 0.85194309 0.85194309 0.85194309 0.85194309 0.85194309 0.85194309 0.85194309 
0.85194309 0.85194309 0.85194309 0.85194309 0.85194309 0.85640619 0.86111765 0.86603756 0.87116669 0.87647514 
0.88193099 0.88752247 0.89322317 0.89901555 0.90484572 0.91071171 0.91658714 0.92244339 0.9282649 0.93401206 
0.93968503 0.9446738 0.94956577 0.95433015 0.95894951 0.96342387 0.96772526 0.97183747 0.97575125 0.9794565 
0.98293819 0.98618502 0.9891893 0.99193659 0.99441176 0.99660068 0.99847896 1 
);
