type pinDisplacementField;
origin (0 0 -17);
r_fuel 0.216;
r_gap 0.2539;
r_clad 0.292;
r_outer 0.3795;
z_top 51;
z_bottom -17;
halflength 17;
delta_z 1.89412;
nodes 34;
delta_f (0 0.0059174517 0.0063992245 0.0068714898 0.0073244744 0.007770611 0.0082080379 0.0086372281 0.0090664172 0.009490766 0.0099053455 0.010316195 0.010724158 0.011120181 0.01148899 0.01186587 0.012227976 0.012558091 0.012919077 0.013249182 0.013586129 0.013882844 0.014166621 0.014420683 0.014646486 0.014871193 0.015032362 0.015171364 0.015275204 0.015359853 0.015399584 0.015395093 0.015381412 0.01530788 0.015172769 );
delta_g (0 0.0050528246 0.0054658132 0.0058708817 0.0062596258 0.0066426958 0.007018482 0.0073873786 0.0077564583 0.0081215555 0.0084784197 0.0088322403 0.0091837393 0.0095251066 0.0098431528 0.010168296 0.010480822 0.010765848 0.011077648 0.011362883 0.011654139 0.011910707 0.012156166 0.012375987 0.012571408 0.012765929 0.012905477 0.013025851 0.013115786 0.013189108 0.013223524 0.013219635 0.013207783 0.013144089 0.013027067 );
delta_c (0 0.0044040407 0.0047649155 0.0051190014 0.0054589398 0.0057940334 0.0061228677 0.0064457811 0.0067689612 0.0070887586 0.0074014448 0.0077115615 0.0080197391 0.0083191249 0.0085981381 0.0088834573 0.0091577807 0.0094080305 0.0096818588 0.0099324218 0.010188336 0.010413826 0.010629597 0.010822871 0.010994722 0.011165809 0.011288563 0.011394462 0.01147359 0.011538106 0.01156839 0.011564967 0.011554538 0.011498493 0.011395532 );
