type cartesianField;
materials (fuel cool);
origin (0 0 0);
shape (1 1 68);
pitch (1.518 1.518 1);
default -1;
fuel (
1628.3845 1628.3845 1628.3845 1628.3845 1628.3845 1628.3845 1628.3845 1628.3845 1628.3845 1628.3845 
1628.3845 1628.3845 1628.3845 1628.3845 1628.3845 1628.3845 1628.3845 1628.3845 1628.3845 1628.3845 
1628.3845 1628.3845 1628.3845 1628.3845 1628.3845 1628.3845 1628.3845 1628.3845 1628.3845 1628.3845 
1628.3845 1628.3845 1628.3845 1628.3845 1628.3845 1640.2313 1646.6788 1647.8784 1648.2721 1644.7884 
1637.3662 1628.2613 1616.0733 1601.9416 1582.2387 1562.4398 1540.163 1515.2808 1489.2641 1459.7198 
1430.7754 1399.1233 1370.178 1338.4277 1305.382 1273.044 1238.3197 1202.5485 1166.5243 1130.1729 
1092.965 1055.3327 1017.7003 979.34566 940.22734 900.50857 859.09923 816.85624 
);
cool (
1186.6492 1186.6492 1186.6492 1186.6492 1186.6492 1186.6492 1186.6492 1186.6492 1186.6492 1186.6492 
1186.6492 1186.6492 1186.6492 1186.6492 1186.6492 1186.6492 1186.6492 1186.6492 1186.6492 1186.6492 
1186.6492 1186.6492 1186.6492 1186.6492 1186.6492 1186.6492 1186.6492 1186.6492 1186.6492 1186.6492 
1186.6492 1186.6492 1186.6492 1186.6492 1186.6492 1170.2612 1152.9612 1134.8958 1116.0622 1096.5701 
1076.5369 1056.0055 1035.0732 1013.8042 992.39639 970.85712 949.28317 927.77964 906.40366 885.3007 
864.47014 846.15191 828.18911 810.69483 793.73303 777.30366 761.5094 746.4098 732.03882 718.43355 
705.64916 693.72713 682.69574 672.60799 663.51944 655.48194 648.58509 643 
);
