type cartesianField;
materials (fuel cool);
origin (0 0 0);
shape (1 1 68);
pitch (1.518 1.518 1);
default -1;
fuel (
1 1 1 1 1 1 1 1 1 1 
1 1 1 1 1 1 1 1 1 1 
1 1 1 1 1 1 1 1 1 1 
1 1 1 1 0.82655639 0.82580981 0.82541407 0.82533258 0.82549999 0.82592138 
0.82658649 0.82747277 0.82859716 0.82997174 0.83154254 0.83330963 0.83520803 0.83730267 0.83963761 0.8420146 
0.84455724 0.8472102 0.84981851 0.85250583 0.85534774 0.85826117 0.86127165 0.86439675 0.86756081 0.87083762 
0.87414595 0.87748834 0.88090018 0.88437571 0.88794583 0.8916467 0.89547895 0.92182365 
);
cool (
0.85193898 0.85193898 0.85193898 0.85193898 0.85193898 0.85193898 0.85193898 0.85193898 0.85193898 0.85193898 
0.85193898 0.85193898 0.85193898 0.85193898 0.85193898 0.85193898 0.85193898 0.85193898 0.85193898 0.85193898 
0.85193898 0.85193898 0.85193898 0.85193898 0.85193898 0.85193898 0.85193898 0.85193898 0.85193898 0.85193898 
0.85193898 0.85193898 0.85193898 0.85193898 0.85193898 0.856389 0.86109625 0.8660227 0.87115149 0.87645678 
0.88191769 0.887508 0.89320938 0.8989887 0.90482223 0.91068725 0.91655824 0.92242602 0.92824743 0.93400197 
0.93969217 0.94468872 0.94957616 0.95434127 0.95897155 0.96343768 0.96774426 0.97185627 0.97577468 0.97947974 
0.98295722 0.98620385 0.98920463 0.99194886 0.9944223 0.99660754 0.99848257 1 
);
