type pinDisplacementField;
origin (0 0 -17);
r_fuel 0.216;
r_gap 0.2539;
r_clad 0.292;
r_outer 0.3795;
z_top 51;
z_bottom -17;
halflength 17;
delta_z 1.89413;
nodes 34;
delta_f (0 0.0059127329 0.0063949309 0.0068665161 0.0073218689 0.007766213 0.0082029784 0.0086362625 0.0090602507 0.0094896567 0.0099103213 0.010315059 0.010730022 0.011108925 0.011502284 0.01186604 0.012221704 0.012567582 0.012938583 0.013257831 0.013586695 0.013897163 0.014162511 0.014420904 0.014651639 0.014857009 0.015034286 0.015170716 0.015282011 0.015356883 0.015400077 0.015403813 0.015377232 0.015292913 0.015168234 );
delta_g (0 0.0050487807 0.0054621316 0.0058666145 0.0062573892 0.0066389186 0.0070141344 0.0073865485 0.0077511541 0.0081206009 0.0084827038 0.0088312622 0.0091887932 0.0095154013 0.0098546194 0.010168442 0.010475408 0.010774044 0.0110945 0.011370358 0.011654628 0.01192309 0.01215261 0.012376178 0.012575869 0.012753649 0.012907142 0.013025289 0.013121682 0.013186535 0.013223952 0.013227188 0.013204162 0.013131125 0.013023139 );
delta_c (0 0.0044005078 0.0047616978 0.0051152706 0.0054569837 0.0057907287 0.0061190627 0.0064450543 0.0067643159 0.0070879223 0.0074051991 0.007710704 0.0080241708 0.0083106119 0.0086081989 0.0088835859 0.0091530278 0.0094152275 0.0096966606 0.0099389886 0.010188766 0.01042471 0.010626472 0.010823039 0.010998645 0.011155008 0.011290028 0.011393968 0.011478778 0.011535842 0.011568766 0.011571614 0.011551352 0.011487086 0.011392077 );
