type cartesianField;
materials (fuel cool);
origin (0 0 0);
shape (1 1 68);
pitch (1.518 1.518 1);
default -1;
fuel (
1627.9868 1627.9868 1627.9868 1627.9868 1627.9868 1627.9868 1627.9868 1627.9868 1627.9868 1627.9868 
1627.9868 1627.9868 1627.9868 1627.9868 1627.9868 1627.9868 1627.9868 1627.9868 1627.9868 1627.9868 
1627.9868 1627.9868 1627.9868 1627.9868 1627.9868 1627.9868 1627.9868 1627.9868 1627.9868 1627.9868 
1627.9868 1627.9868 1627.9868 1627.9868 1627.9868 1638.919 1646.3123 1648.643 1648.3154 1644.528 
1637.9631 1628.2044 1616.2419 1600.6979 1582.6906 1562.4591 1539.8026 1516.5363 1489.3137 1460.4781 
1432.4858 1399.9555 1369.6281 1338.4426 1306.5476 1272.0569 1238.8339 1202.449 1166.9606 1130.0757 
1092.4243 1055.248 1017.2567 978.96004 939.99889 900.07247 858.72276 816.44249 
);
cool (
1186.6643 1186.6643 1186.6643 1186.6643 1186.6643 1186.6643 1186.6643 1186.6643 1186.6643 1186.6643 
1186.6643 1186.6643 1186.6643 1186.6643 1186.6643 1186.6643 1186.6643 1186.6643 1186.6643 1186.6643 
1186.6643 1186.6643 1186.6643 1186.6643 1186.6643 1186.6643 1186.6643 1186.6643 1186.6643 1186.6643 
1186.6643 1186.6643 1186.6643 1186.6643 1186.6643 1170.3243 1153.0398 1134.9504 1116.118 1096.6376 
1076.5857 1056.0587 1035.1238 1013.9028 992.48266 970.94691 949.38926 927.84341 906.46779 885.33773 
864.44394 846.09714 828.15097 810.654 793.6521 777.25296 761.43966 746.34079 731.9528 718.34823 
705.57928 693.65799 682.63944 672.56291 663.48072 655.45675 648.57186 643 
);
