type cartesianField;
materials (cool);
origin (0 0 0);
shape (1 1 36);
pitch (1.4723 1.4723 10.16);
default -1;
cool (
0.89483595 0.89599914 0.89762454 0.89972541 0.90224596 0.90508142 0.90813454 0.9113097 0.91453981 0.91781397 
0.92108101 0.92432378 0.92755225 0.93082077 0.93414662 0.93747542 0.94076829 0.9440275 0.94726174 0.950498 
0.95377616 0.95706827 0.96038805 0.96377772 0.96723124 0.97075181 0.9743062 0.97783297 0.98131796 0.98471235 
0.98798146 0.99107816 0.99388761 0.99627642 0.99813933 0.99946621 
);
