type cartesianField;
materials (cool);
origin (0 0 0);
shape (1 1 36);
pitch (1.4723 1.4723 10.16);
default -1;
cool (
0.89466095 0.8954099 0.8964915 0.89794261 0.89970143 0.90173045 0.90404276 0.90659504 0.90931837 0.91222545 
0.91530889 0.91854756 0.92191716 0.92538964 0.92893288 0.93253623 0.93627965 0.94005698 0.94379419 0.94759318 
0.95143965 0.95532272 0.95925054 0.96321211 0.96720787 0.97120712 0.97513797 0.9789195 0.98254135 0.98599294 
0.98926144 0.99224289 0.99477763 0.99683951 0.99843415 0.99955481 
);
