type cartesianField;
materials (fuel cool);
origin (0 0 0);
shape (1 1 36);
pitch (1.4723 1.4723 10.16);
default -1;
fuel (
619.8204 649.57119 689.9813 732.168 762.20995 798.91566 835.30834 862.85958 881.47278 914.28999 
931.53204 959.18701 969.18497 988.46697 988.00502 1003.9932 1030.4822 1010.6661 1012.0869 1026.8814 
1023.3676 1034.5194 1033.7304 1041.1259 1040.4433 1037.1901 1011.86 981.5694 954.05341 921.97389 
892.1137 831.80879 761.94634 704.45639 647.26905 598.0175 
);
cool (
562.66473 562.32584 561.83642 561.17982 560.38397 559.46586 558.41956 557.26469 556.03241 554.71699 
553.32177 551.85631 550.3316 548.76034 547.15707 545.52659 543.83274 542.12354 540.43249 538.71349 
536.97301 535.21596 533.43867 531.6461 529.83807 528.02845 526.24979 524.53869 522.89984 521.33804 
519.85908 518.51 517.36306 516.43008 515.70853 515.20144 
);
