type cartesianField;
materials (fuel cool);
origin (0 0 0);
shape (1 1 36);
pitch (1.4723 1.4723 10.16);
default -1;
fuel (
656.0385 702.28464 762.53208 820.30283 874.46537 908.20192 936.93657 942.26949 950.41032 952.29629 
944.18121 940.64079 935.74907 949.40142 949.91722 946.27523 934.47658 931.61857 922.69652 928.31814 
931.89027 928.70804 936.60839 946.82022 952.85228 964.21685 959.42744 950.8196 941.55236 917.67645 
898.04507 861.19694 810.18766 742.2326 673.97572 616.28821 
);
cool (
562.58554 562.05921 561.32374 560.37312 559.2326 557.94958 556.56808 555.13136 553.66977 552.18825 
550.70995 549.24263 547.78179 546.30282 544.79791 543.29167 541.80168 540.32692 538.86346 537.39909 
535.91577 534.42612 532.92396 531.39017 529.82749 528.23448 526.62616 525.03033 523.45341 521.91749 
520.43825 519.03703 517.76579 516.68488 515.84193 515.24153 
);
