type cartesianField;
materials (cool);
origin (-8.607 8.607 0);
shape (38 38 0);
pitch (0.906 0.906 0);
default -1;
cool (
0.93957622 0.94106228 0.94118366 0.94019826 0.94088905 0.9406428 0.94203175 0.94119356 0.94212322 0.94100111 0.94095042 0.94211138 0.94273672 0.94221217 0.94194883 0.94333545 0.94429443 0.94404333 0.94512835 0.94818902 0.94964459 0.95025342 0.95010563 0.94940319 0.95124076 0.95012913 0.95121765 0.95070203 0.94978267 0.94873279 0.95017321 0.94907168 0.94643865 0.9436621 0.94209331 0.93773399 0.93078728 0.91431812 
0.95228461 0.95283751 0.95236715 0.95246697 0.95237239 0.95248464 0.95311639 0.95338051 0.95261437 0.9525699 0.95355626 0.95222033 0.95320747 0.95325971 0.95358617 0.95440183 0.95495163 0.95488094 0.95557192 0.96295909 0.95660878 0.95727937 0.95806998 0.95774915 0.95859724 0.95753688 0.95763612 0.95763224 0.95808804 0.95775148 0.95758971 0.95643302 0.955891 0.95407576 0.95219625 0.94907751 0.9438398 0.9301099 
0.96002853 0.95919753 0.95933736 0.95873066 0.95898624 0.95906858 0.95940397 0.95964789 0.95938047 0.9600231 0.95968421 0.96026216 0.96033946 0.96025051 0.96066941 0.96107802 0.96087138 0.96157382 0.96186435 0.96990444 0.96319252 0.97221723 0.97190417 0.97144526 0.97080924 0.97139127 0.9716686 0.97185562 0.97179503 0.97174298 0.97094829 0.96967839 0.96954089 0.96755106 0.96458788 0.95959876 0.9491783 0.93755746 
0.96428687 0.96400313 0.96407557 0.96372989 0.96403498 0.96386933 0.96393167 0.96464226 0.96446282 0.96436707 0.96381786 0.96503281 0.96515904 0.96489162 0.96495474 0.96506252 0.96512156 0.96539558 0.96655207 0.97470635 0.96649789 0.9762464 0.96681639 0.96738075 0.96679949 0.96705604 0.96716343 0.96705235 0.96712459 0.96668239 0.96608093 0.96605976 0.96462537 0.96350539 0.96132854 0.96504815 0.95191737 0.9413732 
0.96750057 0.96741221 0.96751028 0.96710167 0.96717236 0.96728384 0.96758641 0.96785538 0.9675064 0.96778411 0.96801599 0.96792743 0.96806454 0.96794627 0.96844402 0.9685219 0.96812882 0.96891943 0.96897439 0.97781499 0.96925094 0.97904703 0.96925793 0.97835275 0.97873591 0.97865066 0.97903227 0.97858385 0.97867532 0.97816514 0.97714945 0.97718946 0.97597257 0.9736458 0.96383029 0.96720227 0.95514506 0.94570922 
0.96990114 0.96960129 0.9696345 0.96976384 0.97027343 0.96951389 0.96977665 0.9696244 0.96971024 0.96995455 0.97034878 0.97002737 0.9702643 0.97080944 0.97045074 0.9706296 0.9703045 0.97060436 0.97052376 0.97970247 0.97062164 0.98012933 0.97118367 0.98093445 0.97118231 0.97105297 0.9706463 0.97064669 0.97062145 0.97018623 0.96950982 0.96910606 0.96795035 0.97585682 0.96450341 0.96918918 0.95621571 0.94587487 
0.97149148 0.9716115 0.97145692 0.97133845 0.9714138 0.97133903 0.97127844 0.97138001 0.97155091 0.97149129 0.97164879 0.97169074 0.97170472 0.97204594 0.97231763 0.97221198 0.97213042 0.97235356 0.9721075 0.98114957 0.97227102 0.98178107 0.97206322 0.98196038 0.97227627 0.98172203 0.98204722 0.98159576 0.98154441 0.98085277 0.98051871 0.98001572 0.96913384 0.97760719 0.96550686 0.97050784 0.95687426 0.94935289 
0.97263865 0.97285888 0.972828 0.97265458 0.97254602 0.97272197 0.9728917 0.97293287 0.97290394 0.97303172 0.97321641 0.97297152 0.97319583 0.97322612 0.97314048 0.97344946 0.97338925 0.97354229 0.97327681 0.98250479 0.97338945 0.98270626 0.97297754 0.9823947 0.97292782 0.98213737 0.97296783 0.97255048 0.97256796 0.97189057 0.97156159 0.98064301 0.96971917 0.97738036 0.96635476 0.97099917 0.9575429 0.94840983 
0.9737297 0.97377067 0.97384622 0.97358113 0.97371727 0.97341703 0.97385205 0.97362793 0.97394002 0.9737934 0.97405557 0.97377611 0.97401887 0.97418511 0.97422958 0.97438922 0.9741585 0.97399692 0.97411985 0.98282684 0.97402489 0.98310504 0.97393381 0.98333214 0.97394021 0.98314852 0.97346441 0.98274724 0.98288442 0.98223057 0.9719166 0.98107367 0.97018138 0.97780198 0.96615221 0.97165345 0.95772682 0.94980267 
0.97458342 0.97428007 0.97445738 0.97464809 0.97446263 0.97416491 0.97469994 0.97431911 0.9743898 0.97465936 0.97457624 0.97470247 0.97479879 0.97507903 0.9750365 0.97482928 0.97484521 0.97473393 0.9748087 0.98355482 0.97482055 0.98376167 0.9744702 0.98361671 0.97417112 0.98356385 0.97395284 0.98339959 0.97336673 0.98276279 0.97253262 0.98130538 0.97026255 0.97881826 0.96640681 0.97188417 0.95839779 0.94972887 
0.97503223 0.97503262 0.97484832 0.97494503 0.97485492 0.97482773 0.97470402 0.97505709 0.97495494 0.97528683 0.97559348 0.97528897 0.97516526 0.97553289 0.97533888 0.97556493 0.9755896 0.97522721 0.97512292 0.9839704 0.97497882 0.98404084 0.97487434 0.98394278 0.97469878 0.98385894 0.97434416 0.98349048 0.98319711 0.9829054 0.9726068 0.98136545 0.97097665 0.97865085 0.96667617 0.97206167 0.95848169 0.95059775 
0.975261 0.97553172 0.97550046 0.97545793 0.97523712 0.97563349 0.97561193 0.97549055 0.97530373 0.97558863 0.97563465 0.97589877 0.97574185 0.97556183 0.9759281 0.97555678 0.9759013 0.9755927 0.97559037 0.98452027 0.97527013 0.98452736 0.97520274 0.98414388 0.97512622 0.98406398 0.97439427 0.97423948 0.97398954 0.97352384 0.97285927 0.98167622 0.970918 0.97868872 0.96680376 0.97160645 0.9576839 0.95123571 
0.97558785 0.97609472 0.97595043 0.9755997 0.9758209 0.97595917 0.97584867 0.97575972 0.97561737 0.9759514 0.97595529 0.9761023 0.97583022 0.976032 0.97625436 0.97606598 0.97596014 0.9761926 0.97599024 0.98465788 0.97582963 0.98464332 0.97544103 0.98432181 0.97548958 0.98416049 0.98399312 0.98380198 0.98353192 0.98287889 0.98262708 0.98175394 0.97105549 0.97892565 0.96671734 0.97140972 0.9580156 0.95090537 
0.97585003 0.97610113 0.97594907 0.97600306 0.97606812 0.97575564 0.97585857 0.97605763 0.97606909 0.97617513 0.97608754 0.97629281 0.97641128 0.97638623 0.97648818 0.97628582 0.97625358 0.97634253 0.97627708 0.98476889 0.97602598 0.98475213 0.975737 0.98461496 0.97543423 0.97526236 0.97508777 0.9745809 0.97445175 0.97380485 0.97319738 0.97222402 0.97089722 0.97906878 0.96691465 0.97176221 0.95820068 0.95042432 
0.97623455 0.97632874 0.97604365 0.97615221 0.9759683 0.97640021 0.97643555 0.97626931 0.97612657 0.9765614 0.97628815 0.97641439 0.97655324 0.97658276 0.97640701 0.97634272 0.97616289 0.97630718 0.97618561 0.98481045 0.97606443 0.98466208 0.97600947 0.98479792 0.98464705 0.98444517 0.9843639 0.98401452 0.98381898 0.98299312 0.98265044 0.98204445 0.98083484 0.97905635 0.96699719 0.97193 0.95845936 0.95027983 
0.97619163 0.97620484 0.9760555 0.97595703 0.97623319 0.97617746 0.97613726 0.97627689 0.97624776 0.97630621 0.97629961 0.97644837 0.97625397 0.97638292 0.97650858 0.97635574 0.97648818 0.97634622 0.97610657 0.98485937 0.97627495 0.98489196 0.9759382 0.97572438 0.97578963 0.97571195 0.97522022 0.9751604 0.97447564 0.97382058 0.97302046 0.97245629 0.9708409 0.9692591 0.96716401 0.97219722 0.95788432 0.95057832 
0.97608346 0.97602093 0.97617202 0.97593276 0.9761324 0.97607705 0.97623669 0.9763736 0.97611706 0.97608676 0.97644177 0.97643536 0.97634001 0.9765043 0.97647925 0.97652275 0.97659597 0.9763468 0.97643944 0.98501299 0.97605491 0.98497593 0.98483983 0.98479369 0.984707 0.98466971 0.98440573 0.9843015 0.98366544 0.98300767 0.98275434 0.98150864 0.9804018 0.97870834 0.97610696 0.97197641 0.95762699 0.94915014 
0.97620795 0.97617532 0.97610793 0.97622193 0.97628155 0.97632796 0.97617318 0.97627378 0.97616153 0.97622368 0.97638428 0.97631223 0.97656936 0.9765111 0.97666219 0.97652567 0.97651557 0.9765212 0.97641342 0.98510024 0.97618755 0.97634447 0.97630699 0.97608521 0.97572146 0.97564689 0.975395 0.97533888 0.97468052 0.97388564 0.97337935 0.97236269 0.97120775 0.96962187 0.96712847 0.96395128 0.95745124 0.94940105 
0.97578846 0.97611881 0.97599238 0.97613104 0.97600558 0.97618755 0.97602753 0.97628835 0.97616697 0.97624407 0.9762765 0.97631961 0.97641011 0.97649149 0.97660529 0.97623708 0.97664258 0.97625028 0.9764342 0.98497473 0.98508148 0.98493785 0.98496335 0.98470395 0.98463093 0.98455828 0.98424417 0.98388837 0.98369435 0.98259042 0.98250368 0.98139994 0.9798689 0.97763166 0.97517206 0.96953584 0.96360831 0.94873318 
0.98454313 0.98470175 0.98457224 0.98465382 0.98462423 0.984693 0.98472176 0.98471863 0.98484162 0.98486896 0.98470597 0.98469022 0.98479173 0.98488551 0.98497277 0.98502004 0.98491315 0.98498929 0.98497411 0.97626854 0.97659558 0.97650197 0.9762596 0.97642177 0.97616406 0.97583682 0.97566048 0.97522313 0.97450768 0.97412063 0.97357317 0.97262603 0.97061892 0.96906683 0.96661888 0.96244755 0.95557716 0.94513651 
0.98444101 0.9757067 0.97570826 0.97568476 0.97596966 0.97579274 0.97582711 0.97601452 0.97603821 0.97591683 0.97603103 0.97593781 0.97625941 0.97630272 0.97630447 0.97629437 0.97632136 0.9762532 0.98487098 0.97626038 0.97627514 0.97670608 0.97638778 0.97612152 0.97632427 0.97591392 0.97589858 0.97529984 0.97467839 0.97434474 0.97323797 0.97228287 0.97048861 0.9684112 0.96632874 0.96170025 0.95478112 0.94465158 
0.98464099 0.97563951 0.98441635 0.98447333 0.9844925 0.98473038 0.98457257 0.98459306 0.98472463 0.9846058 0.98460958 0.9848785 0.98478612 0.98472968 0.98477582 0.98491528 0.98490878 0.97617648 0.98482249 0.97646663 0.97650158 0.97635632 0.97633903 0.97640506 0.97650663 0.97610735 0.97557212 0.97542724 0.97487298 0.97421288 0.97353879 0.97185309 0.97067776 0.96859764 0.96573835 0.96091508 0.95460575 0.94361452 
0.98445533 0.97568437 0.98451136 0.97572224 0.97574982 0.97562494 0.97556629 0.97571098 0.97571039 0.97582051 0.97585954 0.97598752 0.97597509 0.97602365 0.97628485 0.9761357 0.98493826 0.97634874 0.98495692 0.97639749 0.97650819 0.97639302 0.97652314 0.97657111 0.97621571 0.97605278 0.97599044 0.97562086 0.97501494 0.97422414 0.97311523 0.972084 0.97065252 0.96801211 0.96527595 0.96087876 0.95413655 0.94285906 
0.98454837 0.97541365 0.98440967 0.97565213 0.98455389 0.9845488 0.98458657 0.98456756 0.98450541 0.98473659 0.98469511 0.98475953 0.98476569 0.98482012 0.98475737 0.97615007 0.98499242 0.97635496 0.98484679 0.97672104 0.97666025 0.97641944 0.97669268 0.97636506 0.9760151 0.97605608 0.97549327 0.97553988 0.97498368 0.97422803 0.97332517 0.97224053 0.9707603 0.96861162 0.96477257 0.96079079 0.95409577 0.94309541 
0.98452971 0.97561193 0.98439767 0.97544161 0.98441365 0.97572593 0.97576011 0.97558649 0.97571467 0.97567233 0.9759044 0.97580361 0.97574593 0.97578477 0.98483354 0.97593315 0.98478406 0.97633204 0.9848738 0.97646818 0.97666297 0.97663151 0.97663733 0.97623591 0.97618833 0.97585741 0.97580944 0.97526003 0.97500601 0.9742022 0.97327798 0.9717925 0.97025576 0.96818184 0.96467547 0.96020507 0.95385592 0.9429183 
0.98442262 0.97554532 0.98451448 0.97574496 0.98446457 0.97552512 0.98436228 0.98454559 0.98451153 0.98462961 0.98446193 0.98457195 0.98469045 0.97601316 0.98471205 0.9761625 0.98493666 0.97607297 0.98499957 0.97657946 0.97640351 0.97642274 0.97670336 0.97648216 0.97618891 0.97591431 0.97556707 0.97550628 0.97490736 0.97408762 0.97304804 0.97212615 0.97021012 0.96794278 0.96526488 0.96048647 0.95378756 0.94292004 
0.98453398 0.97533208 0.98444445 0.97547016 0.98431826 0.97553192 0.98435358 0.975422 0.97548201 0.97550395 0.97544802 0.9757638 0.9845118 0.97606249 0.98477303 0.97617338 0.98478035 0.97638526 0.98483234 0.97614658 0.97624426 0.97671793 0.97657907 0.97626873 0.97640623 0.97625727 0.97560067 0.97549308 0.97490328 0.97406334 0.97301852 0.97187038 0.97033402 0.96810358 0.96495862 0.96029848 0.95331681 0.94275186 
0.98432193 0.97525362 0.98432191 0.97543268 0.98452206 0.97547832 0.98439246 0.97552279 0.98458803 0.98454437 0.98445525 0.97570029 0.9845648 0.97579584 0.98472807 0.97595101 0.98465186 0.97634544 0.98474898 0.97638157 0.97634758 0.97648585 0.97648449 0.97652411 0.97596441 0.97597179 0.97588693 0.97539908 0.97486774 0.97402625 0.9731063 0.97175308 0.97046453 0.96815815 0.96446146 0.96015554 0.95370036 0.94238773 
0.98446277 0.97515283 0.98421321 0.97526994 0.98440959 0.97544394 0.9844246 0.97551172 0.98437813 0.97542239 0.98452796 0.97569893 0.98449836 0.97590537 0.98463071 0.97576535 0.9847874 0.97598247 0.98464689 0.97609608 0.97605472 0.97633437 0.97633146 0.97644216 0.97597626 0.97590887 0.97576089 0.97517672 0.97469858 0.97416005 0.97301929 0.97190495 0.96995765 0.96818301 0.96481938 0.96023536 0.95286722 0.94140796 
0.98419622 0.97516002 0.98429841 0.97557756 0.98428212 0.97544666 0.9843981 0.97543559 0.9845107 0.98442472 0.98448186 0.97559542 0.98464872 0.97587605 0.9846398 0.97591994 0.98488516 0.97629553 0.98461708 0.97642293 0.97628699 0.97630874 0.97632855 0.97609201 0.97586304 0.97600384 0.97561601 0.97511341 0.97488793 0.97377883 0.9729321 0.97199195 0.97033053 0.96769186 0.96401381 0.95959876 0.95386369 0.94176336 
0.98429089 0.9751806 0.98430919 0.97520565 0.98419935 0.97520915 0.9842852 0.97527809 0.97538024 0.97531266 0.97559678 0.9752845 0.98453864 0.97568864 0.9846172 0.97589935 0.98479126 0.9758005 0.98460308 0.97618891 0.97642118 0.97627417 0.9763134 0.97627631 0.97616561 0.97598849 0.97603452 0.975174 0.9748926 0.97413811 0.9731329 0.97178842 0.96977063 0.9677276 0.96449641 0.96002446 0.95300647 0.9416882 
0.98423516 0.97507029 0.98424263 0.97535694 0.98427907 0.97519536 0.98431632 0.98430472 0.98446325 0.98436694 0.9844353 0.98424409 0.98451602 0.97566786 0.98472263 0.97574632 0.98484962 0.97610385 0.98464893 0.9761089 0.97641128 0.97625553 0.97613706 0.97623766 0.97624776 0.97614794 0.9755793 0.97503281 0.97477219 0.97399925 0.97310533 0.97159888 0.96980656 0.9678983 0.96478908 0.95970518 0.95228383 0.94134543 
0.98403814 0.97482501 0.98426435 0.97502407 0.98414625 0.97507923 0.97520041 0.97547521 0.97569816 0.97531888 0.97542122 0.97536587 0.97552434 0.97577409 0.98445824 0.97553211 0.98472298 0.97569952 0.98459956 0.9760588 0.97627864 0.97631185 0.97622445 0.97627941 0.97618561 0.97579817 0.9753517 0.97497164 0.97459469 0.97393225 0.97283422 0.9719032 0.97014875 0.96715469 0.96404411 0.95999319 0.95257786 0.94111569 
0.98424193 0.97530703 0.98418863 0.97509962 0.98428394 0.98432177 0.98434032 0.98427227 0.98429664 0.98433393 0.98437382 0.9845348 0.98451007 0.98451654 0.98456544 0.9758675 0.98472941 0.97578574 0.98461819 0.9760485 0.97609997 0.97623009 0.97623863 0.97630699 0.97617357 0.97588693 0.9754589 0.97502058 0.97462634 0.97398585 0.97270255 0.97149401 0.97001067 0.96740755 0.96420297 0.95982171 0.95336963 0.94132232 
0.98419451 0.97500679 0.98424011 0.97518254 0.97512331 0.97500465 0.97534354 0.97526625 0.975241 0.97554027 0.97540141 0.975402 0.9754989 0.97550123 0.97584381 0.97560941 0.98454254 0.97602093 0.98461722 0.97612774 0.97614036 0.97622018 0.97633282 0.97604248 0.97608968 0.97584012 0.97556377 0.97501999 0.97443272 0.97371882 0.97310319 0.97175696 0.969745 0.96752155 0.96416025 0.96000853 0.95294607 0.94169248 
0.98427048 0.97499281 0.98427534 0.98427852 0.98420832 0.98407892 0.98428188 0.98438745 0.98429864 0.98441614 0.98441014 0.98435086 0.98443865 0.98437137 0.98455058 0.98464431 0.98448141 0.97583915 0.98463304 0.97643439 0.97603666 0.97641283 0.97618989 0.97621338 0.97611492 0.97571389 0.97554668 0.97506272 0.97458031 0.97384136 0.97297812 0.97131359 0.96992231 0.96750562 0.96459274 0.95967605 0.95233122 0.94099509 
0.98409618 0.9750431 0.97486211 0.97500582 0.97502504 0.97500038 0.97502776 0.97521265 0.97555367 0.97520954 0.97549114 0.97545618 0.97582459 0.97549249 0.97574108 0.9756766 0.97582206 0.97578905 0.98457733 0.97609822 0.97611958 0.97619455 0.97636719 0.97630777 0.9759114 0.97579138 0.97538607 0.97528178 0.97441835 0.97391827 0.97286626 0.97130388 0.96977976 0.96764079 0.96465081 0.95953467 0.95303618 0.94124503 
0.98427266 0.98415827 0.9841332 0.9841286 0.98416493 0.984199 0.98415266 0.98434665 0.98431476 0.98439073 0.9843463 0.98448935 0.98448844 0.98438205 0.98454367 0.98460384 0.98466489 0.9846273 0.9845522 0.97610851 0.97605239 0.97627844 0.97618464 0.97618561 0.97590013 0.97578458 0.97550667 0.97504563 0.97421152 0.97394585 0.97288413 0.97173346 0.97004815 0.96733453 0.96466129 0.96009184 0.95305813 0.93972906 

);
