type cartesianField;
materials (fuel1 fuel2 cool);
origin (-8.607 8.607 0);
shape (38 38 0);
pitch (0.906 0.906 0);
default -1;
fuel1 (
1567.6346 1543.7883 1541.8434 1557.645 1546.5647 1550.5131 1528.2662 1541.6847 1526.803 1544.7687 1545.5811 1526.9925 1516.9961 1525.3805 1529.5928 1507.4355 1492.1439 1496.1454 1478.8678 1430.3089 1407.307 1397.703 1400.0333 1411.1177 1382.1497 1399.6628 1382.5134 1390.6328 1405.128 1421.709 1398.9676 1416.3535 1458.0472 1502.2239 1527.2814 1597.2864 1710.0157 1983.359 
1365.7348 1357.0521 1364.4382 1362.8702 1364.3558 1362.5926 1352.6758 1348.5329 1360.5553 1361.2537 1345.7772 1366.7448 1351.2469 1350.4274 1345.3083 1332.5304 1323.9274 1325.0331 1314.2308 1199.5118 1298.0447 1287.5912 1275.2816 1280.2749 1267.0812 1283.58 1282.0346 1282.0951 1275.0006 1280.2386 1282.7574 1300.7864 1309.2468 1337.6364 1367.1232 1416.2614 1499.39 1721.0873 
1244.8563 1257.7537 1255.5823 1265.0073 1261.0358 1259.7566 1254.548 1250.7618 1254.9129 1244.9406 1250.1982 1241.2335 1240.0352 1241.4141 1234.9217 1228.593 1231.7929 1220.9193 1216.4256 1092.8823 1195.909 1057.6273 1062.3922 1069.381 1079.0752 1070.2036 1065.9792 1063.1313 1064.0539 1064.8464 1076.955 1096.3348 1098.4353 1128.8838 1174.4012 1251.5243 1414.6692 1600.133 
1179.037 1183.4086 1182.2923 1187.6205 1182.9178 1185.471 1184.5101 1173.564 1176.327 1177.8016 1186.2643 1167.5532 1165.6112 1169.7258 1168.7545 1167.0961 1166.1878 1161.9732 1144.2057 1019.8205 1145.0374 996.49864 1140.1495 1131.4943 1140.4088 1136.4733 1134.8263 1136.5299 1135.4219 1142.2057 1151.4401 1151.7653 1173.8241 1191.0824 1224.7148 1167.3172 1371.5065 1538.8072 
1129.6576 1131.0121 1129.5088 1135.7733 1134.6893 1132.98 1128.3421 1124.221 1129.5684 1125.3129 1121.7611 1123.1174 1121.0176 1122.8289 1115.2082 1114.0164 1120.0332 1107.9349 1107.0944 972.79818 1102.8664 954.22045 1102.7595 964.68542 958.90864 960.19372 954.44281 961.20082 959.82194 967.51494 982.8475 982.24315 1000.6416 1035.9119 1186.0727 1134.2307 1320.9025 1469.6319 
1092.9327 1097.5126 1097.0052 1095.0296 1087.2493 1098.8478 1094.8338 1097.1595 1095.8483 1092.1172 1086.0994 1091.0052 1087.3886 1079.0723 1084.5436 1081.815 1086.7751 1082.2001 1083.4296 944.35046 1081.9364 937.92748 1073.3671 925.82351 1073.3878 1075.3593 1081.5602 1081.5543 1081.9394 1088.5802 1098.9101 1105.0811 1122.7664 1002.3933 1175.702 1103.8104 1304.1775 1466.9996 
1068.6769 1066.8487 1069.2035 1071.0084 1069.8603 1070.9995 1071.9228 1070.3752 1067.7717 1068.6799 1066.2808 1065.642 1065.4291 1060.2341 1056.0995 1057.707 1058.9483 1055.5529 1059.2971 922.59174 1056.8087 913.11041 1059.971 910.41977 1056.7289 913.99646 909.11681 915.8918 916.66263 927.05088 932.07187 939.63658 1104.6565 975.9348 1160.2622 1083.6725 1293.9049 1411.9119 
1051.2165 1047.8679 1048.3374 1050.9743 1052.6253 1049.9496 1047.369 1046.7431 1047.183 1045.2407 1042.4341 1046.1557 1042.7468 1042.2865 1043.5879 1038.8937 1039.8082 1037.4838 1041.5164 902.25466 1039.8052 899.23462 1046.0642 903.90536 1046.8199 907.76448 1046.2118 1052.5574 1052.2915 1062.5991 1067.609 930.20343 1095.7118 979.35978 1147.2348 1076.1793 1283.4862 1426.8157 
1034.6381 1034.0159 1032.8691 1036.894 1034.8268 1039.3863 1032.7806 1036.1832 1031.4453 1033.671 1029.6916 1033.9334 1030.2486 1027.7261 1027.0513 1024.6297 1028.1297 1030.5817 1028.7161 897.42748 1030.1573 893.25933 1031.5396 889.85791 1031.4423 892.60799 1038.6666 898.62047 896.56462 906.36659 1062.2029 923.73181 1088.6543 972.99456 1150.3454 1066.2099 1280.6226 1404.8123 
1021.6844 1026.2853 1023.5958 1020.7038 1023.5163 1028.0325 1019.9177 1025.6931 1024.6208 1020.5331 1021.7934 1019.8794 1018.4191 1014.172 1014.8164 1017.957 1017.7156 1019.4024 1018.269 886.52385 1018.0894 883.42769 1023.4014 885.59732 1027.9382 886.38866 1031.2507 888.84793 1040.1504 898.38733 1052.8291 920.25161 1087.4153 957.66762 1146.4357 1062.6967 1270.1823 1405.9768 
1014.8812 1014.8753 1017.6685 1016.2026 1017.5684 1017.9805 1019.8559 1014.5045 1016.0525 1011.0238 1006.3798 1010.9914 1012.8655 1007.2972 1010.2354 1006.812 1006.4386 1011.9269 1013.5069 880.30423 1015.6905 879.25039 1017.274 880.71742 1019.9354 881.97192 1025.3131 887.48709 891.88019 896.25034 1051.7008 919.34959 1076.5228 960.19079 1142.3011 1059.9947 1268.8777 1392.2759 
1011.415 1007.3149 1007.7883 1008.4324 1011.7769 1005.774 1006.1004 1007.9383 1010.7679 1006.4533 1005.7564 1001.7584 1004.1335 1006.8591 1001.3146 1006.9355 1001.7202 1006.3915 1006.4268 872.08023 1011.2768 871.97426 1012.2977 877.70891 1013.4569 878.90408 1024.5531 1026.901 1030.6937 1037.764 1047.862 914.68407 1077.4169 959.61995 1140.3432 1066.9257 1281.2908 1382.2292 
1006.465 998.7932 1000.9766 1006.2857 1002.937 1000.8443 1002.5167 1003.863 1006.0181 1000.9619 1000.9031 998.67861 1002.796 999.74232 996.37819 999.22808 1000.8296 997.3124 1000.3741 870.02303 1002.8048 870.24075 1008.6883 875.0477 1007.953 877.46053 879.96427 882.82431 886.86663 896.64756 900.4214 913.51758 1075.3208 956.04924 1141.6693 1069.9225 1276.1278 1387.4301 
1002.4961 998.69624 1000.9972 1000.1802 999.19576 1003.9248 1002.3668 999.35443 999.18107 997.57681 998.90192 995.79656 994.00487 994.38374 992.8419 995.90231 996.38995 995.0446 996.0345 868.36385 999.83342 868.61433 1004.207 870.66459 1008.7912 1011.3945 1014.0396 1021.7227 1023.6812 1033.497 1042.7232 1057.5238 1077.7338 953.89276 1138.6419 1064.5537 1273.2482 1395.0089 
996.67784 995.25315 999.56601 997.9235 1000.7062 994.17227 993.63775 996.152 998.31133 991.73485 995.86706 993.95788 991.85818 991.41186 994.06948 995.04166 997.76191 995.57919 997.41817 867.74273 999.25159 869.96033 1000.0832 867.92993 870.18501 873.20306 874.41836 879.64408 882.57001 894.936 900.0712 909.15847 927.32025 954.08001 1137.3758 1061.9989 1269.225 1397.2866 
997.32709 997.12732 999.38676 1000.8767 996.6984 997.54156 998.14973 996.03744 996.47807 995.59388 995.69375 993.44392 996.38407 994.43367 992.53356 994.84487 992.8419 994.98879 998.61397 867.01166 996.06681 866.5247 1001.1617 1004.3981 1003.4103 1004.5862 1012.0329 1012.9391 1023.3189 1033.2582 1045.4118 1053.99 1078.5925 1102.7417 1134.8173 1057.9316 1278.1709 1392.5819 
998.96363 999.90982 997.62382 1001.244 998.22319 999.06059 996.64552 994.57465 998.4553 998.91367 993.54378 993.64069 995.08278 992.59816 992.97698 992.31919 991.2122 994.97998 993.57902 864.71633 999.39557 865.26995 867.30362 867.99321 869.28891 869.84624 873.79284 875.35149 884.86796 894.71807 898.51394 917.19968 933.82967 959.3243 998.60809 1061.2924 1282.1767 1415.114 
997.08031 997.57388 998.5934 996.86879 995.96694 995.2649 997.60619 996.08444 997.78247 996.84235 994.41311 995.50282 991.61446 992.49538 990.21102 992.27515 992.42784 992.34268 993.97256 863.41276 997.38879 995.01523 995.58213 998.93718 1004.4422 1005.5712 1009.3853 1010.2354 1020.2121 1032.2707 1039.9586 1055.414 1073.0001 1097.1981 1135.3623 1184.2078 1284.9138 1411.1514 
1003.4279 998.42886 1000.3418 998.24375 1000.142 997.38879 999.80991 995.86412 997.70021 996.53389 996.04331 995.3912 994.02249 992.79198 991.07127 996.63965 990.50755 996.43989 993.65831 865.28794 863.69301 865.83898 865.45798 869.33448 870.42596 871.51204 876.20888 881.53165 884.43513 900.97103 902.27126 918.83168 941.84567 975.5654 1012.7625 1098.5125 1189.4951 1421.7028 
871.7385 869.36728 871.30329 870.0837 870.52612 869.49819 869.0683 869.11503 867.27692 866.8683 869.30429 869.5397 868.02252 866.62105 865.31725 864.611 866.2081 865.07032 865.29723 996.16375 991.21807 992.6334 996.29888 993.84627 997.74428 1002.696 1005.3653 1011.9887 1022.833 1028.7044 1037.0149 1051.4084 1081.9779 1105.6809 1143.1804 1207.4114 1314.1488 1478.738 
873.26521 1004.6656 1004.6421 1004.9978 1000.6856 1003.3633 1002.843 1000.0068 999.64829 1001.485 999.75701 1001.1676 996.30182 995.64675 995.62032 995.77306 995.36476 996.39582 866.83812 996.28713 996.06387 989.54753 994.36024 998.38772 995.3207 1001.5291 1001.7613 1010.8267 1020.2445 1025.3043 1042.1065 1056.6284 1083.9658 1115.7105 1147.6344 1218.9636 1326.5946 1486.4557 
870.27559 1005.6829 873.63399 872.78203 872.49544 868.93942 871.29836 870.99207 869.02534 870.80162 870.74501 866.72581 868.1064 868.94987 868.26023 866.17618 866.27339 997.55625 867.56279 993.16787 992.63927 994.83606 995.09747 994.09885 992.56292 998.60221 1006.7032 1008.8971 1017.2946 1027.3047 1037.5369 1063.1698 1081.0804 1112.8575 1156.7037 1231.1161 1329.3386 1502.9828 
873.0512 1005.0037 872.2135 1004.4304 1004.013 1005.9034 1006.7914 1004.6009 1004.6097 1002.9429 1002.3521 1000.4153 1000.6034 999.86868 995.917 998.17324 865.83289 994.95061 865.55403 994.21339 992.53943 994.28094 992.31332 991.58804 996.9628 999.4279 1000.3712 1005.9652 1015.1431 1027.1338 1043.9715 1059.6547 1081.4654 1121.8206 1163.8129 1231.6786 1336.6843 1515.0416 
871.66011 1009.103 873.73389 1005.4918 871.57766 871.65372 871.08903 871.37326 872.30235 868.84654 869.46655 868.50375 868.41174 867.5982 868.53596 997.95582 865.0236 994.85662 867.19972 989.32148 990.24038 993.88152 989.75009 994.70388 999.99798 999.37794 1007.8971 1007.1914 1015.6169 1027.0749 1040.7817 1057.2726 1079.8216 1112.6435 1171.558 1233.0413 1337.3231 1511.2672 
871.93913 1006.1004 873.91335 1008.6794 873.67436 1004.3746 1003.8571 1006.4856 1004.5451 1005.186 1001.6731 1003.1987 1004.0717 1003.4838 867.39765 1001.2382 868.13716 995.20321 866.79604 993.14438 990.19927 990.6749 990.58682 996.65727 997.37704 1002.3844 1003.1105 1011.4298 1015.2785 1027.4668 1041.4987 1064.0924 1087.519 1119.2215 1173.0527 1242.1187 1341.0805 1514.0955 
873.5402 1007.109 872.16676 1004.0864 872.91298 1007.4148 874.44246 871.70163 872.21089 870.4457 872.95247 871.30765 869.53622 1000.0274 869.21343 997.76778 865.85668 999.1223 864.91682 991.46178 994.12235 993.83159 989.58863 992.93293 997.36822 1001.5232 1006.7797 1007.7001 1016.7736 1029.2053 1044.9927 1059.0133 1088.2156 1122.8824 1163.9832 1237.7565 1342.1517 1514.0676 
871.87525 1010.3384 873.21381 1008.2471 875.10084 1007.3119 874.57257 1008.9765 1008.0677 1007.7354 1008.5824 1003.8013 872.20683 999.28097 868.30202 997.60326 868.1926 994.39843 867.41565 998.0087 996.53095 989.36845 991.46765 996.16081 994.08123 996.33413 1006.271 1007.9001 1016.8354 1029.5737 1045.4414 1062.9066 1086.3246 1120.4198 1168.6947 1240.6705 1349.5319 1516.7541 
875.04595 1011.5268 875.04624 1008.8147 872.05352 1008.1236 873.99118 1007.4501 871.06726 871.71992 873.05236 1004.7626 871.41449 1003.3162 868.97396 1000.9678 870.11302 995.00054 868.66135 994.45423 994.96823 992.87714 992.89769 992.29864 1000.765 1000.6533 1001.9377 1009.3236 1017.3741 1030.1366 1044.1073 1064.6927 1084.3332 1119.5842 1176.348 1242.8866 1343.5183 1522.5734 
872.93999 1013.0538 876.67188 1011.2797 873.73505 1008.6442 873.51058 1007.6178 874.20549 1008.9706 871.96526 1004.7832 872.40775 1001.6584 870.42916 1003.7778 868.08724 1000.4917 870.18734 998.77263 999.39851 995.16796 995.21202 993.5379 1000.5857 1001.6055 1003.8454 1012.6919 1019.9383 1028.1062 1045.4296 1062.3803 1092.0697 1119.2036 1170.8376 1241.649 1356.5858 1538.2504 
876.92604 1012.9449 875.39766 1006.6209 875.64134 1008.603 873.90696 1008.7706 872.22338 873.50884 872.65456 1006.3503 870.16005 1002.1023 870.2933 1001.438 866.62627 995.75544 870.63295 993.82865 995.88469 995.55569 995.25608 998.83434 1002.2992 1000.1684 1006.0387 1013.6511 1017.068 1033.8921 1046.7549 1061.0559 1086.3779 1126.7262 1183.244 1251.5243 1340.9588 1532.5606 
875.51006 1012.6331 875.23647 1012.2535 876.87928 1012.2006 875.59516 1011.1562 1009.6089 1010.6325 1006.3298 1011.0591 871.80557 1004.939 870.63121 1001.7496 868.02949 1003.2457 870.84227 997.36822 993.85508 996.07856 995.4852 996.04625 997.72078 1000.4006 999.70412 1012.7331 1016.9973 1028.4391 1043.703 1064.1545 1094.9257 1126.1787 1175.8096 1244.9196 1354.4005 1533.7636 
876.34365 1014.3044 876.23183 1009.9619 875.68694 1012.4095 875.12989 875.30327 872.93273 874.37277 873.35058 876.21004 872.14382 1005.2536 869.05524 1004.0659 867.15735 998.6551 870.15686 998.57871 994.00487 996.36057 998.15267 996.63083 996.47807 997.98814 1006.5944 1014.8724 1018.8225 1030.5463 1044.1221 1067.041 1094.377 1123.5636 1171.3039 1249.8727 1365.747 1539.252 
879.29078 1018.0217 875.9071 1015.0048 877.67346 1014.169 1012.333 1008.1706 1004.795 1010.5384 1008.9883 1009.8265 1007.4266 1003.6455 873.00764 1007.309 869.05001 1004.7744 870.89481 999.3368 996.011 995.50869 996.8306 995.99925 997.41817 1003.281 1010.0413 1015.7994 1021.5136 1031.5632 1048.2429 1062.407 1089.1523 1134.9603 1182.7771 1245.4045 1361.1287 1542.9325 
876.24228 1010.7178 877.03962 1013.8601 875.61404 875.04828 874.77092 875.7886 875.42409 874.86647 874.26996 871.86306 872.23267 872.13598 871.40491 1002.2316 868.95394 1003.4691 870.6164 999.49254 998.71387 996.7454 996.61615 995.58213 997.60032 1001.9377 1008.4177 1015.0578 1021.0336 1030.7497 1050.2449 1068.6384 1091.2602 1131.0835 1180.3294 1248.0647 1348.7035 1539.6221 
876.95161 1015.2667 876.26959 1012.6036 1013.5011 1015.2991 1010.1648 1011.3356 1011.7181 1007.1855 1009.2883 1009.2795 1007.8119 1007.7766 1002.5902 1006.1386 871.74721 999.90982 870.63092 998.2937 998.10272 996.89523 995.19146 999.58364 998.8696 1002.646 1006.8297 1015.0666 1023.9699 1034.8032 1044.1545 1064.6335 1095.3173 1129.3362 1180.9877 1245.1666 1355.3483 1533.6952 
875.81532 1015.4786 875.74271 875.69507 876.74508 878.68066 875.64483 874.0661 875.39418 873.63719 873.72692 874.61323 873.30063 874.30655 871.62701 870.22595 872.66123 1002.6607 870.39432 993.65538 999.67179 993.98137 997.35353 996.99805 998.48762 1004.5568 1007.0884 1014.4192 1021.7315 1032.9428 1046.0553 1071.3872 1092.6094 1129.5803 1174.3264 1250.3248 1365.0026 1544.8652 
878.42239 1014.7164 1017.4595 1015.2814 1014.9901 1015.3638 1014.9489 1012.1476 1006.9826 1012.1947 1007.9295 1008.4589 1002.8812 1007.9089 1004.1452 1005.1213 1002.9194 1003.4191 871.22723 998.74031 998.41711 997.28302 994.67158 995.57038 1001.5673 1003.3839 1009.5206 1011.1003 1024.1878 1031.7754 1047.7557 1071.5351 1094.7863 1127.5088 1173.4324 1252.5191 1353.9342 1540.8603 
875.78279 877.49365 877.86868 877.93753 877.39401 876.88451 877.5776 874.67625 875.15312 874.01702 874.68147 872.54248 872.55612 874.14683 871.73037 870.83094 869.91823 870.48025 871.60291 998.58458 999.43377 996.01394 997.43286 997.41817 1001.7378 1003.4867 1007.6942 1014.6781 1027.3253 1031.3569 1047.4841 1064.9914 1090.688 1132.2029 1173.271 1243.8744 1353.5899 1565.179 

);
fuel2 (
1567.6346 1543.7883 1541.8434 1557.645 1546.5647 1550.5131 1528.2662 1541.6847 1526.803 1544.7687 1545.5811 1526.9925 1516.9961 1525.3805 1529.5928 1507.4355 1492.1439 1496.1454 1478.8678 1430.3089 1407.307 1397.703 1400.0333 1411.1177 1382.1497 1399.6628 1382.5134 1390.6328 1405.128 1421.709 1398.9676 1416.3535 1458.0472 1502.2239 1527.2814 1597.2864 1710.0157 1983.359 
1365.7348 1357.0521 1364.4382 1362.8702 1364.3558 1362.5926 1352.6758 1348.5329 1360.5553 1361.2537 1345.7772 1366.7448 1351.2469 1350.4274 1345.3083 1332.5304 1323.9274 1325.0331 1314.2308 1199.5118 1298.0447 1287.5912 1275.2816 1280.2749 1267.0812 1283.58 1282.0346 1282.0951 1275.0006 1280.2386 1282.7574 1300.7864 1309.2468 1337.6364 1367.1232 1416.2614 1499.39 1721.0873 
1244.8563 1257.7537 1255.5823 1265.0073 1261.0358 1259.7566 1254.548 1250.7618 1254.9129 1244.9406 1250.1982 1241.2335 1240.0352 1241.4141 1234.9217 1228.593 1231.7929 1220.9193 1216.4256 1092.8823 1195.909 1057.6273 1062.3922 1069.381 1079.0752 1070.2036 1065.9792 1063.1313 1064.0539 1064.8464 1076.955 1096.3348 1098.4353 1128.8838 1174.4012 1251.5243 1414.6692 1600.133 
1179.037 1183.4086 1182.2923 1187.6205 1182.9178 1185.471 1184.5101 1173.564 1176.327 1177.8016 1186.2643 1167.5532 1165.6112 1169.7258 1168.7545 1167.0961 1166.1878 1161.9732 1144.2057 1019.8205 1145.0374 996.49864 1140.1495 1131.4943 1140.4088 1136.4733 1134.8263 1136.5299 1135.4219 1142.2057 1151.4401 1151.7653 1173.8241 1191.0824 1224.7148 1167.3172 1371.5065 1538.8072 
1129.6576 1131.0121 1129.5088 1135.7733 1134.6893 1132.98 1128.3421 1124.221 1129.5684 1125.3129 1121.7611 1123.1174 1121.0176 1122.8289 1115.2082 1114.0164 1120.0332 1107.9349 1107.0944 972.79818 1102.8664 954.22045 1102.7595 964.68542 958.90864 960.19372 954.44281 961.20082 959.82194 967.51494 982.8475 982.24315 1000.6416 1035.9119 1186.0727 1134.2307 1320.9025 1469.6319 
1092.9327 1097.5126 1097.0052 1095.0296 1087.2493 1098.8478 1094.8338 1097.1595 1095.8483 1092.1172 1086.0994 1091.0052 1087.3886 1079.0723 1084.5436 1081.815 1086.7751 1082.2001 1083.4296 944.35046 1081.9364 937.92748 1073.3671 925.82351 1073.3878 1075.3593 1081.5602 1081.5543 1081.9394 1088.5802 1098.9101 1105.0811 1122.7664 1002.3933 1175.702 1103.8104 1304.1775 1466.9996 
1068.6769 1066.8487 1069.2035 1071.0084 1069.8603 1070.9995 1071.9228 1070.3752 1067.7717 1068.6799 1066.2808 1065.642 1065.4291 1060.2341 1056.0995 1057.707 1058.9483 1055.5529 1059.2971 922.59174 1056.8087 913.11041 1059.971 910.41977 1056.7289 913.99646 909.11681 915.8918 916.66263 927.05088 932.07187 939.63658 1104.6565 975.9348 1160.2622 1083.6725 1293.9049 1411.9119 
1051.2165 1047.8679 1048.3374 1050.9743 1052.6253 1049.9496 1047.369 1046.7431 1047.183 1045.2407 1042.4341 1046.1557 1042.7468 1042.2865 1043.5879 1038.8937 1039.8082 1037.4838 1041.5164 902.25466 1039.8052 899.23462 1046.0642 903.90536 1046.8199 907.76448 1046.2118 1052.5574 1052.2915 1062.5991 1067.609 930.20343 1095.7118 979.35978 1147.2348 1076.1793 1283.4862 1426.8157 
1034.6381 1034.0159 1032.8691 1036.894 1034.8268 1039.3863 1032.7806 1036.1832 1031.4453 1033.671 1029.6916 1033.9334 1030.2486 1027.7261 1027.0513 1024.6297 1028.1297 1030.5817 1028.7161 897.42748 1030.1573 893.25933 1031.5396 889.85791 1031.4423 892.60799 1038.6666 898.62047 896.56462 906.36659 1062.2029 923.73181 1088.6543 972.99456 1150.3454 1066.2099 1280.6226 1404.8123 
1021.6844 1026.2853 1023.5958 1020.7038 1023.5163 1028.0325 1019.9177 1025.6931 1024.6208 1020.5331 1021.7934 1019.8794 1018.4191 1014.172 1014.8164 1017.957 1017.7156 1019.4024 1018.269 886.52385 1018.0894 883.42769 1023.4014 885.59732 1027.9382 886.38866 1031.2507 888.84793 1040.1504 898.38733 1052.8291 920.25161 1087.4153 957.66762 1146.4357 1062.6967 1270.1823 1405.9768 
1014.8812 1014.8753 1017.6685 1016.2026 1017.5684 1017.9805 1019.8559 1014.5045 1016.0525 1011.0238 1006.3798 1010.9914 1012.8655 1007.2972 1010.2354 1006.812 1006.4386 1011.9269 1013.5069 880.30423 1015.6905 879.25039 1017.274 880.71742 1019.9354 881.97192 1025.3131 887.48709 891.88019 896.25034 1051.7008 919.34959 1076.5228 960.19079 1142.3011 1059.9947 1268.8777 1392.2759 
1011.415 1007.3149 1007.7883 1008.4324 1011.7769 1005.774 1006.1004 1007.9383 1010.7679 1006.4533 1005.7564 1001.7584 1004.1335 1006.8591 1001.3146 1006.9355 1001.7202 1006.3915 1006.4268 872.08023 1011.2768 871.97426 1012.2977 877.70891 1013.4569 878.90408 1024.5531 1026.901 1030.6937 1037.764 1047.862 914.68407 1077.4169 959.61995 1140.3432 1066.9257 1281.2908 1382.2292 
1006.465 998.7932 1000.9766 1006.2857 1002.937 1000.8443 1002.5167 1003.863 1006.0181 1000.9619 1000.9031 998.67861 1002.796 999.74232 996.37819 999.22808 1000.8296 997.3124 1000.3741 870.02303 1002.8048 870.24075 1008.6883 875.0477 1007.953 877.46053 879.96427 882.82431 886.86663 896.64756 900.4214 913.51758 1075.3208 956.04924 1141.6693 1069.9225 1276.1278 1387.4301 
1002.4961 998.69624 1000.9972 1000.1802 999.19576 1003.9248 1002.3668 999.35443 999.18107 997.57681 998.90192 995.79656 994.00487 994.38374 992.8419 995.90231 996.38995 995.0446 996.0345 868.36385 999.83342 868.61433 1004.207 870.66459 1008.7912 1011.3945 1014.0396 1021.7227 1023.6812 1033.497 1042.7232 1057.5238 1077.7338 953.89276 1138.6419 1064.5537 1273.2482 1395.0089 
996.67784 995.25315 999.56601 997.9235 1000.7062 994.17227 993.63775 996.152 998.31133 991.73485 995.86706 993.95788 991.85818 991.41186 994.06948 995.04166 997.76191 995.57919 997.41817 867.74273 999.25159 869.96033 1000.0832 867.92993 870.18501 873.20306 874.41836 879.64408 882.57001 894.936 900.0712 909.15847 927.32025 954.08001 1137.3758 1061.9989 1269.225 1397.2866 
997.32709 997.12732 999.38676 1000.8767 996.6984 997.54156 998.14973 996.03744 996.47807 995.59388 995.69375 993.44392 996.38407 994.43367 992.53356 994.84487 992.8419 994.98879 998.61397 867.01166 996.06681 866.5247 1001.1617 1004.3981 1003.4103 1004.5862 1012.0329 1012.9391 1023.3189 1033.2582 1045.4118 1053.99 1078.5925 1102.7417 1134.8173 1057.9316 1278.1709 1392.5819 
998.96363 999.90982 997.62382 1001.244 998.22319 999.06059 996.64552 994.57465 998.4553 998.91367 993.54378 993.64069 995.08278 992.59816 992.97698 992.31919 991.2122 994.97998 993.57902 864.71633 999.39557 865.26995 867.30362 867.99321 869.28891 869.84624 873.79284 875.35149 884.86796 894.71807 898.51394 917.19968 933.82967 959.3243 998.60809 1061.2924 1282.1767 1415.114 
997.08031 997.57388 998.5934 996.86879 995.96694 995.2649 997.60619 996.08444 997.78247 996.84235 994.41311 995.50282 991.61446 992.49538 990.21102 992.27515 992.42784 992.34268 993.97256 863.41276 997.38879 995.01523 995.58213 998.93718 1004.4422 1005.5712 1009.3853 1010.2354 1020.2121 1032.2707 1039.9586 1055.414 1073.0001 1097.1981 1135.3623 1184.2078 1284.9138 1411.1514 
1003.4279 998.42886 1000.3418 998.24375 1000.142 997.38879 999.80991 995.86412 997.70021 996.53389 996.04331 995.3912 994.02249 992.79198 991.07127 996.63965 990.50755 996.43989 993.65831 865.28794 863.69301 865.83898 865.45798 869.33448 870.42596 871.51204 876.20888 881.53165 884.43513 900.97103 902.27126 918.83168 941.84567 975.5654 1012.7625 1098.5125 1189.4951 1421.7028 
871.7385 869.36728 871.30329 870.0837 870.52612 869.49819 869.0683 869.11503 867.27692 866.8683 869.30429 869.5397 868.02252 866.62105 865.31725 864.611 866.2081 865.07032 865.29723 996.16375 991.21807 992.6334 996.29888 993.84627 997.74428 1002.696 1005.3653 1011.9887 1022.833 1028.7044 1037.0149 1051.4084 1081.9779 1105.6809 1143.1804 1207.4114 1314.1488 1478.738 
873.26521 1004.6656 1004.6421 1004.9978 1000.6856 1003.3633 1002.843 1000.0068 999.64829 1001.485 999.75701 1001.1676 996.30182 995.64675 995.62032 995.77306 995.36476 996.39582 866.83812 996.28713 996.06387 989.54753 994.36024 998.38772 995.3207 1001.5291 1001.7613 1010.8267 1020.2445 1025.3043 1042.1065 1056.6284 1083.9658 1115.7105 1147.6344 1218.9636 1326.5946 1486.4557 
870.27559 1005.6829 873.63399 872.78203 872.49544 868.93942 871.29836 870.99207 869.02534 870.80162 870.74501 866.72581 868.1064 868.94987 868.26023 866.17618 866.27339 997.55625 867.56279 993.16787 992.63927 994.83606 995.09747 994.09885 992.56292 998.60221 1006.7032 1008.8971 1017.2946 1027.3047 1037.5369 1063.1698 1081.0804 1112.8575 1156.7037 1231.1161 1329.3386 1502.9828 
873.0512 1005.0037 872.2135 1004.4304 1004.013 1005.9034 1006.7914 1004.6009 1004.6097 1002.9429 1002.3521 1000.4153 1000.6034 999.86868 995.917 998.17324 865.83289 994.95061 865.55403 994.21339 992.53943 994.28094 992.31332 991.58804 996.9628 999.4279 1000.3712 1005.9652 1015.1431 1027.1338 1043.9715 1059.6547 1081.4654 1121.8206 1163.8129 1231.6786 1336.6843 1515.0416 
871.66011 1009.103 873.73389 1005.4918 871.57766 871.65372 871.08903 871.37326 872.30235 868.84654 869.46655 868.50375 868.41174 867.5982 868.53596 997.95582 865.0236 994.85662 867.19972 989.32148 990.24038 993.88152 989.75009 994.70388 999.99798 999.37794 1007.8971 1007.1914 1015.6169 1027.0749 1040.7817 1057.2726 1079.8216 1112.6435 1171.558 1233.0413 1337.3231 1511.2672 
871.93913 1006.1004 873.91335 1008.6794 873.67436 1004.3746 1003.8571 1006.4856 1004.5451 1005.186 1001.6731 1003.1987 1004.0717 1003.4838 867.39765 1001.2382 868.13716 995.20321 866.79604 993.14438 990.19927 990.6749 990.58682 996.65727 997.37704 1002.3844 1003.1105 1011.4298 1015.2785 1027.4668 1041.4987 1064.0924 1087.519 1119.2215 1173.0527 1242.1187 1341.0805 1514.0955 
873.5402 1007.109 872.16676 1004.0864 872.91298 1007.4148 874.44246 871.70163 872.21089 870.4457 872.95247 871.30765 869.53622 1000.0274 869.21343 997.76778 865.85668 999.1223 864.91682 991.46178 994.12235 993.83159 989.58863 992.93293 997.36822 1001.5232 1006.7797 1007.7001 1016.7736 1029.2053 1044.9927 1059.0133 1088.2156 1122.8824 1163.9832 1237.7565 1342.1517 1514.0676 
871.87525 1010.3384 873.21381 1008.2471 875.10084 1007.3119 874.57257 1008.9765 1008.0677 1007.7354 1008.5824 1003.8013 872.20683 999.28097 868.30202 997.60326 868.1926 994.39843 867.41565 998.0087 996.53095 989.36845 991.46765 996.16081 994.08123 996.33413 1006.271 1007.9001 1016.8354 1029.5737 1045.4414 1062.9066 1086.3246 1120.4198 1168.6947 1240.6705 1349.5319 1516.7541 
875.04595 1011.5268 875.04624 1008.8147 872.05352 1008.1236 873.99118 1007.4501 871.06726 871.71992 873.05236 1004.7626 871.41449 1003.3162 868.97396 1000.9678 870.11302 995.00054 868.66135 994.45423 994.96823 992.87714 992.89769 992.29864 1000.765 1000.6533 1001.9377 1009.3236 1017.3741 1030.1366 1044.1073 1064.6927 1084.3332 1119.5842 1176.348 1242.8866 1343.5183 1522.5734 
872.93999 1013.0538 876.67188 1011.2797 873.73505 1008.6442 873.51058 1007.6178 874.20549 1008.9706 871.96526 1004.7832 872.40775 1001.6584 870.42916 1003.7778 868.08724 1000.4917 870.18734 998.77263 999.39851 995.16796 995.21202 993.5379 1000.5857 1001.6055 1003.8454 1012.6919 1019.9383 1028.1062 1045.4296 1062.3803 1092.0697 1119.2036 1170.8376 1241.649 1356.5858 1538.2504 
876.92604 1012.9449 875.39766 1006.6209 875.64134 1008.603 873.90696 1008.7706 872.22338 873.50884 872.65456 1006.3503 870.16005 1002.1023 870.2933 1001.438 866.62627 995.75544 870.63295 993.82865 995.88469 995.55569 995.25608 998.83434 1002.2992 1000.1684 1006.0387 1013.6511 1017.068 1033.8921 1046.7549 1061.0559 1086.3779 1126.7262 1183.244 1251.5243 1340.9588 1532.5606 
875.51006 1012.6331 875.23647 1012.2535 876.87928 1012.2006 875.59516 1011.1562 1009.6089 1010.6325 1006.3298 1011.0591 871.80557 1004.939 870.63121 1001.7496 868.02949 1003.2457 870.84227 997.36822 993.85508 996.07856 995.4852 996.04625 997.72078 1000.4006 999.70412 1012.7331 1016.9973 1028.4391 1043.703 1064.1545 1094.9257 1126.1787 1175.8096 1244.9196 1354.4005 1533.7636 
876.34365 1014.3044 876.23183 1009.9619 875.68694 1012.4095 875.12989 875.30327 872.93273 874.37277 873.35058 876.21004 872.14382 1005.2536 869.05524 1004.0659 867.15735 998.6551 870.15686 998.57871 994.00487 996.36057 998.15267 996.63083 996.47807 997.98814 1006.5944 1014.8724 1018.8225 1030.5463 1044.1221 1067.041 1094.377 1123.5636 1171.3039 1249.8727 1365.747 1539.252 
879.29078 1018.0217 875.9071 1015.0048 877.67346 1014.169 1012.333 1008.1706 1004.795 1010.5384 1008.9883 1009.8265 1007.4266 1003.6455 873.00764 1007.309 869.05001 1004.7744 870.89481 999.3368 996.011 995.50869 996.8306 995.99925 997.41817 1003.281 1010.0413 1015.7994 1021.5136 1031.5632 1048.2429 1062.407 1089.1523 1134.9603 1182.7771 1245.4045 1361.1287 1542.9325 
876.24228 1010.7178 877.03962 1013.8601 875.61404 875.04828 874.77092 875.7886 875.42409 874.86647 874.26996 871.86306 872.23267 872.13598 871.40491 1002.2316 868.95394 1003.4691 870.6164 999.49254 998.71387 996.7454 996.61615 995.58213 997.60032 1001.9377 1008.4177 1015.0578 1021.0336 1030.7497 1050.2449 1068.6384 1091.2602 1131.0835 1180.3294 1248.0647 1348.7035 1539.6221 
876.95161 1015.2667 876.26959 1012.6036 1013.5011 1015.2991 1010.1648 1011.3356 1011.7181 1007.1855 1009.2883 1009.2795 1007.8119 1007.7766 1002.5902 1006.1386 871.74721 999.90982 870.63092 998.2937 998.10272 996.89523 995.19146 999.58364 998.8696 1002.646 1006.8297 1015.0666 1023.9699 1034.8032 1044.1545 1064.6335 1095.3173 1129.3362 1180.9877 1245.1666 1355.3483 1533.6952 
875.81532 1015.4786 875.74271 875.69507 876.74508 878.68066 875.64483 874.0661 875.39418 873.63719 873.72692 874.61323 873.30063 874.30655 871.62701 870.22595 872.66123 1002.6607 870.39432 993.65538 999.67179 993.98137 997.35353 996.99805 998.48762 1004.5568 1007.0884 1014.4192 1021.7315 1032.9428 1046.0553 1071.3872 1092.6094 1129.5803 1174.3264 1250.3248 1365.0026 1544.8652 
878.42239 1014.7164 1017.4595 1015.2814 1014.9901 1015.3638 1014.9489 1012.1476 1006.9826 1012.1947 1007.9295 1008.4589 1002.8812 1007.9089 1004.1452 1005.1213 1002.9194 1003.4191 871.22723 998.74031 998.41711 997.28302 994.67158 995.57038 1001.5673 1003.3839 1009.5206 1011.1003 1024.1878 1031.7754 1047.7557 1071.5351 1094.7863 1127.5088 1173.4324 1252.5191 1353.9342 1540.8603 
875.78279 877.49365 877.86868 877.93753 877.39401 876.88451 877.5776 874.67625 875.15312 874.01702 874.68147 872.54248 872.55612 874.14683 871.73037 870.83094 869.91823 870.48025 871.60291 998.58458 999.43377 996.01394 997.43286 997.41817 1001.7378 1003.4867 1007.6942 1014.6781 1027.3253 1031.3569 1047.4841 1064.9914 1090.688 1132.2029 1173.271 1243.8744 1353.5899 1565.179 

);
cool (
864.86968 859.41304 858.96735 862.58562 860.04912 860.95333 855.85324 858.93098 855.51737 859.63766 859.82378 855.56087 853.26469 855.19077 856.15774 851.0662 847.54491 848.46695 844.48286 833.2444 827.89972 825.66415 826.20682 828.7861 822.03875 826.12053 822.12361 824.01689 827.3927 831.24772 825.95866 830.00336 839.67158 849.86677 855.62719 871.63415 897.14174 957.61476 
818.20584 816.17564 817.90277 817.53624 817.88352 817.47134 815.15163 814.18181 816.99499 817.15829 813.53646 818.44187 814.81719 814.62536 813.42664 810.43162 808.41283 808.6724 806.13519 779.01029 802.32795 799.86562 796.96259 798.14063 795.02652 798.92005 798.55565 798.56991 796.89627 798.13207 798.72608 802.97331 804.96357 811.62891 818.5303 829.98197 849.21428 899.62903 
789.77097 792.82233 792.30889 794.53662 793.59818 793.29582 792.0643 791.16865 792.15059 789.79094 791.0353 788.91311 788.6293 788.9559 787.41774 785.91738 786.67612 784.09683 783.03004 753.50769 778.15314 745.01538 746.1649 747.84996 750.18536 748.0482 747.02989 746.34318 746.56566 746.75677 749.67478 754.33774 754.84262 762.14904 773.02952 791.34906 829.61187 872.28235 
774.13483 775.17666 774.91068 776.18 775.05972 775.66799 775.43909 772.82985 773.48876 773.84032 775.85696 771.39581 770.93229 771.91423 771.68247 771.2867 771.06992 770.06374 765.81723 735.87558 766.01618 730.2207 764.8467 762.77443 764.90874 763.96673 763.57239 763.98028 763.71501 765.33874 767.54721 767.62494 772.89189 777.00434 784.99748 771.33947 819.55431 858.27136 
762.33445 762.65891 762.29879 763.79915 763.53958 763.13027 762.01926 761.03161 762.31305 761.29332 760.44188 760.76705 760.2636 760.69788 758.87021 758.58425 760.02757 757.12454 756.92273 724.46099 755.90727 719.93708 755.8816 722.48641 721.07947 721.39252 719.99128 721.63782 721.30195 723.17527 726.90478 726.75788 731.22617 739.76982 775.81132 763.42977 807.70259 842.34998 
753.51982 754.62084 754.4989 754.02398 752.1528 754.94174 753.97691 754.53598 754.22079 753.32371 751.87612 753.0563 752.18632 750.18465 751.50174 750.84498 752.03871 750.93768 751.23362 717.53037 750.87421 715.96297 748.8105 713.00667 748.81549 749.29042 750.78365 750.78222 750.87493 752.47298 754.95671 756.43925 760.68291 731.65118 773.33972 756.13404 803.77126 841.7417 
747.68024 747.23954 747.80717 748.24216 747.96548 748.24002 748.46251 748.08956 747.46203 747.68095 747.10263 746.9486 746.89726 745.64434 744.64671 745.03464 745.33414 744.51479 745.41829 712.21677 744.81786 709.89799 745.58087 709.23958 744.7986 710.11477 708.92068 710.57843 710.76697 713.3066 714.53321 716.38014 756.33727 725.224 769.65513 751.29209 801.35314 828.9708 
743.46796 742.6593 742.77268 743.40948 743.80811 743.16204 742.53879 742.38761 742.49386 742.02464 741.34648 742.2457 741.42207 741.31083 741.62531 740.49076 740.71183 740.1499 741.12471 707.24055 740.71111 706.50078 742.2236 707.6448 742.40615 708.58966 742.25925 743.7917 743.72753 746.21482 747.42281 714.07682 754.18799 726.05691 766.54174 749.48795 798.89794 832.43361 
739.46176 739.3113 739.0339 740.00728 739.5074 740.60985 739.01251 739.83543 738.68947 739.22786 738.26518 739.29133 738.39995 737.78954 737.62624 737.04007 737.88724 738.48053 738.02914 706.05801 738.37785 705.0365 738.71229 704.2026 738.68876 704.87683 740.43586 706.35031 705.84658 708.24744 746.11926 712.49545 752.49081 724.50877 767.2855 747.08551 798.22263 827.31926 
736.32697 737.44083 736.78977 736.08951 736.77052 737.8637 735.89911 737.2975 737.03793 736.04815 736.35336 735.88984 735.53614 734.50714 734.66331 735.42419 735.36571 735.77432 735.49978 703.38496 735.45628 702.62544 736.74271 703.15769 737.84088 703.3518 738.64241 703.95494 740.79454 706.29319 743.85731 711.64465 752.19274 720.77711 766.35063 746.23835 795.75887 827.59023 
734.679 734.67757 735.3543 734.99918 735.33006 735.42989 735.88414 734.58772 734.96281 733.74412 732.61814 733.73628 734.19052 732.84063 733.55301 732.72296 732.6324 733.96305 734.34598 701.859 734.8751 701.60035 735.25875 701.9604 735.90339 702.26824 737.20551 703.62121 704.69842 705.76956 743.58491 711.42409 749.57067 721.3918 765.36156 745.58658 795.45081 824.39982 
733.83897 732.8449 732.95971 733.11588 733.92668 732.47124 732.55039 732.99608 733.68208 732.63597 732.46696 731.49715 732.07333 732.73437 731.38947 732.75292 731.48788 732.62099 732.62955 699.83992 733.80545 699.8139 734.0529 701.22198 734.33386 701.51535 737.02153 737.58987 738.50763 740.21765 742.65788 710.28299 749.78602 721.25275 764.89305 747.25808 798.38023 822.05729 
732.63882 730.77763 731.30746 732.59532 731.7831 731.27537 731.68113 732.00773 732.53043 731.3039 731.28963 730.74982 731.74887 731.00796 730.19146 730.88317 731.27181 730.41823 731.16128 699.33462 731.75101 699.3881 733.17792 700.56864 732.99965 701.16101 701.77556 702.4774 703.46903 705.8669 706.79151 709.99761 749.28115 720.38277 765.21038 747.98045 797.16225 823.27027 
731.67613 730.7541 731.31245 731.11421 730.87532 732.0227 731.64476 730.91383 730.87176 730.4824 730.80401 730.05027 729.61527 729.70726 729.33289 730.07594 730.19431 729.86771 730.10803 698.92701 731.03007 698.98855 732.09116 699.49222 733.20288 733.83397 734.47505 736.33624 736.81045 739.18579 741.41637 744.99043 749.86233 719.85721 764.48587 746.68618 796.48267 825.03662 
730.2642 729.91834 730.96517 730.56655 731.24186 729.65592 729.52614 730.13655 730.66068 729.06405 730.06738 729.60387 729.094 728.98561 729.63096 729.867 730.52733 729.9975 730.4439 698.77441 730.88887 699.31922 731.09068 698.8204 699.37441 700.11568 700.41411 701.69698 702.415 705.44746 706.70572 708.93088 713.37242 719.90285 764.1828 746.07006 795.53282 825.56717 
730.42179 730.3733 730.92167 731.28322 730.26919 730.47385 730.62146 730.10874 730.21571 730.00106 730.02531 729.47907 730.19289 729.71939 729.25801 729.81922 729.33289 729.85416 730.73413 698.59478 730.11587 698.47512 731.35239 732.13751 731.89791 732.18315 733.98872 734.20835 736.72274 739.12803 742.066 744.13756 750.06912 755.87732 763.57025 745.08883 797.64431 824.47113 
730.81899 731.04861 730.49381 731.37235 730.63929 730.84252 730.25635 729.75362 730.69562 730.80686 729.50332 729.52685 729.87698 729.2737 729.36569 729.20596 728.93712 729.85202 729.51188 698.03072 730.92381 698.16678 698.66652 698.83595 699.15428 699.29119 700.26051 700.64323 702.97878 705.39405 706.32421 710.89832 714.96249 721.18073 730.7327 745.89963 798.58917 829.71527 
730.36189 730.48169 730.72914 730.31055 730.09163 729.92119 730.48954 730.12015 730.53232 730.30413 729.7144 729.97896 729.03481 729.24874 728.69395 729.19526 729.23234 729.21166 729.60743 697.71032 730.43677 729.86058 729.99821 730.81257 732.14821 732.42204 733.34693 733.55301 735.97042 738.88914 740.74819 744.48127 748.72208 754.54525 763.70075 775.36706 799.23452 828.79395 
731.90219 730.6892 731.15343 730.64428 731.10494 730.43677 731.02436 730.06667 730.51235 730.22925 730.11017 729.95186 729.61955 729.32076 728.90289 730.25493 728.76597 730.20643 729.53113 698.1712 697.77921 698.30662 698.21299 699.16547 699.4336 699.70037 700.85374 702.16021 702.8726 706.92614 707.24461 711.29745 716.91924 725.13415 734.16557 754.86116 776.6264 831.2463 
699.75599 699.17353 699.6491 699.34952 699.4582 699.20569 699.10008 699.11156 698.65996 698.55955 699.15806 699.21589 698.84315 698.4988 698.1784 698.00483 698.39732 698.11772 698.17348 730.1394 728.93854 729.28226 730.17221 729.57677 730.52305 731.72462 732.37212 733.97802 736.60508 738.02629 740.03652 743.51431 750.8842 756.58329 765.57192 780.8886 806.11594 844.45291 
700.13094 732.2024 732.1967 732.28298 731.23686 731.8865 731.76028 731.07214 730.98514 731.43083 731.01152 731.35381 730.17292 730.0139 730.00748 730.04456 729.94544 730.19574 698.55214 730.16935 730.11516 728.53279 729.70156 730.67922 729.93474 731.44152 731.49786 733.69635 735.97827 737.20337 741.26733 744.77436 751.36269 758.99072 766.63729 783.63261 809.03894 846.23352 
699.39666 732.44913 700.2215 700.01228 699.9419 699.06842 699.64789 699.57265 699.08953 699.52587 699.51197 698.52454 698.86376 699.07099 698.90156 698.38948 698.41337 730.47741 698.7302 729.41204 729.28368 729.81708 729.88055 729.63809 729.26514 730.73128 732.69658 733.22855 735.26374 737.68757 740.16274 746.35245 750.66813 758.30614 768.80512 786.51567 809.68286 850.04148 
700.07838 732.28441 699.87265 732.14535 732.04409 732.50262 732.71797 732.18671 732.18885 731.78453 731.64119 731.17126 731.2169 731.03862 730.0795 730.62716 698.30512 729.84489 698.23659 729.6659 729.25944 729.68231 729.20453 729.02839 730.33337 730.93166 731.16056 732.51759 734.74246 737.64621 741.71801 745.50457 750.76083 760.45614 770.50301 786.64902 811.40571 852.81544 
699.73674 733.27847 700.24603 732.40278 699.71649 699.73517 699.59647 699.66628 699.89448 699.0456 699.19792 698.96138 698.93878 698.7389 698.9693 730.57439 698.10623 729.82207 698.64099 728.47788 728.70108 729.58532 728.58199 729.78499 731.07 730.91953 732.9861 732.81495 734.85727 737.63195 740.94715 744.92981 750.36506 758.2548 772.35136 786.97205 811.55547 851.94759 
699.80527 732.55039 700.2901 733.17578 700.23142 732.1318 732.0063 732.64381 732.17316 732.32862 731.47647 731.84656 732.05836 731.91574 698.68962 731.37093 698.87132 729.90622 698.5418 729.40634 728.6911 728.80662 728.78523 730.2592 730.43391 731.64904 731.82517 733.84253 734.77527 737.72679 741.12043 746.57493 752.21769 759.83289 772.70791 789.12276 812.43614 852.59794 
700.19847 732.79499 699.86117 732.06192 700.04444 732.86915 700.42003 699.74694 699.87201 699.43845 700.05414 699.65017 699.21503 731.07713 699.13574 730.52876 698.31097 730.8575 698.07999 728.99773 729.6438 729.5732 728.54277 729.35499 730.43177 731.4401 732.71512 732.93832 735.13752 738.14752 741.96474 745.34983 752.38527 760.71072 770.54365 788.08948 812.68716 852.59152 
699.78958 733.57797 700.11832 733.07096 700.58169 732.84419 700.45198 733.24781 733.02746 732.94688 733.15225 731.99275 699.87101 730.896 698.91182 730.48882 698.88494 729.71083 698.69404 730.58723 730.22854 728.48929 728.99916 730.13869 729.63382 730.18076 732.59175 732.98681 735.1525 738.23665 742.07313 746.28898 751.93032 760.12027 771.66821 788.77976 814.41571 853.20907 
700.56821 733.86606 700.56828 733.20859 699.83336 733.04101 700.30921 732.87771 699.59112 699.75143 700.07867 732.22593 699.67641 731.87509 699.07691 731.30532 699.35673 729.85702 699.00011 729.72438 729.84917 729.34144 729.34644 729.20096 731.25612 731.22902 731.54064 733.33195 735.28299 738.37286 741.75081 746.71969 751.45111 759.91989 773.49375 789.3046 813.00734 854.54613 
700.05107 734.23616 700.96741 733.80616 700.24632 733.16723 700.1912 732.91835 700.36184 733.24638 699.81168 732.23093 699.92036 731.4729 699.43438 731.98705 698.85905 731.1898 699.37498 730.77264 730.92453 729.89766 729.90836 729.50189 731.21262 731.46006 732.00345 734.14845 735.9041 737.88153 742.07028 746.16205 753.3123 759.82861 772.17951 789.01152 816.06654 858.14372 
701.0298 734.20978 700.65457 732.67661 700.7144 733.15724 700.28853 733.19789 699.87508 700.19077 699.98097 732.61101 699.36828 731.58058 699.40101 731.41942 698.50008 730.04028 699.48444 729.57249 730.07166 729.99179 729.91906 730.78761 731.62836 731.11136 732.53542 734.38092 735.20883 739.28135 742.39046 745.84258 751.94315 761.63204 775.13744 791.34906 812.40762 856.83875 
700.68217 734.13419 700.61499 734.0422 701.01832 734.02936 700.70306 733.77621 733.40112 733.64928 732.60602 733.75268 699.77246 732.26872 699.48402 731.49501 698.84486 731.85797 699.53586 730.43177 729.57891 730.11872 729.97468 730.11088 730.51735 731.16769 730.99869 734.15844 735.19172 737.96211 741.65312 746.58991 753.99902 761.50083 773.36539 789.78595 815.55524 857.11472 
700.88683 734.53923 700.85937 733.4867 700.72559 734.07999 700.58882 700.63139 700.04929 700.40292 700.1519 700.85402 699.85554 732.34502 699.09687 732.05693 698.63058 730.74411 699.36749 730.72557 729.61527 730.18718 730.62217 730.25279 730.21571 730.58224 732.6702 734.67686 735.63384 738.47198 741.75438 747.28589 753.8671 760.87402 772.29075 790.95828 818.20869 858.37334 
701.61027 735.43988 700.77965 734.70895 701.21328 734.50643 734.06145 733.05242 732.23378 733.62646 733.25066 733.45389 732.872 731.95496 700.06769 732.84348 699.09559 732.22879 699.54876 730.90955 730.10232 729.98038 730.30128 730.09947 730.4439 731.86653 733.50595 734.90149 736.28561 738.718 742.74987 746.16847 752.61061 763.60448 775.0262 789.90076 817.12906 859.21694 
700.86194 733.66996 701.05768 734.43155 700.7077 700.56878 700.50068 700.75055 700.66106 700.52414 700.37767 699.78658 699.87736 699.85362 699.67406 731.61195 699.07199 731.91217 699.48038 730.94735 730.75837 730.2806 730.24922 729.99821 730.48811 731.54064 733.11232 734.72178 736.16938 738.52118 743.23335 747.67097 753.11763 762.67602 774.44288 790.53042 814.22175 858.4582 
701.03608 734.77241 700.86864 734.12706 734.34455 734.78026 733.5359 733.81971 733.91242 732.81353 733.3234 733.32126 732.96542 732.95686 731.69895 732.55966 699.75813 731.04861 699.48394 730.6564 730.61005 730.31697 729.90337 730.96945 730.79617 731.7125 732.72724 734.72392 736.88034 739.50169 741.76222 746.70543 754.09315 762.25743 774.59977 789.84442 815.77702 857.09903 
700.75711 734.82376 700.73929 700.72759 700.98538 701.46051 700.71525 700.32761 700.65371 700.22229 700.24432 700.46196 700.13964 700.38666 699.72861 699.38447 699.98261 731.71607 699.42583 729.53042 730.99084 729.60957 730.42821 730.34192 730.70347 732.17602 732.79 734.56704 736.33838 739.05173 742.22146 748.33344 753.44209 762.3159 773.01169 791.06525 818.03469 859.65977 
701.39712 734.63906 735.30367 734.77598 734.70538 734.79595 734.6954 734.01653 732.76432 734.02794 732.99394 733.1223 731.76955 732.98895 732.07618 732.31293 731.77882 731.90005 699.63041 730.76479 730.68635 730.41109 729.77715 729.99536 731.45079 731.89149 733.37973 733.76266 736.93311 738.76934 742.6322 748.36909 753.9655 761.81959 772.79848 791.58438 815.44614 858.74201 
700.74913 701.16914 701.2612 701.2781 701.14468 701.01961 701.18975 700.47744 700.59453 700.31556 700.47872 699.95345 699.9568 700.34744 699.754 699.53308 699.30888 699.44693 699.72269 730.727 730.93308 730.10304 730.44746 730.4439 731.49215 731.91645 732.93689 734.62979 737.69256 738.66808 742.5666 746.79172 752.98 762.94415 772.75997 789.5385 815.36556 864.30847 

);
